100
60 29
11 9
6 2
35 25
56 20
93 18
18 10
39 26
73 18
11 6
3 0
89 18
46 38
29 20
89 79
50 25
39 5
83 59
45 42
24 9
5 4
27 17
98 90
11 10
95 31
77 9
90 25
2 0
8 4
88 37
31 10
8 2
91 56
98 85
12 1
82 44
69 39
71 50
11 2
15 11
69 27
20 3
13 5
6 4
48 42
85 39
71 42
22 12
84 41
13 0
60 36
79 40
76 19
29 13
44 19
73 16
78 12
76 20
25 12
47 22
69 41
57 46
95 36
22 11
13 3
15 6
38 3
48 43
81 60
51 10
90 9
37 1
69 50
38 11
70 2
67 20
40 9
79 30
81 33
94 59
44 43
78 36
48 14
24 0
33 13
78 50
61 20
42 18
78 68
27 1
81 56
25 19
81 70
95 41
7 2
50 26
11 8
90 71
53 18
46 13
