100
136337 42494
111131 66178
86218 8518
37481 26453
7202 3247
40831 35943
156667 133442
143257 100934
181376 86415
1744 779
61528 58975
133347 110669
173441 82655
131631 28284
6494 2699
165630 102682
2076 1857
115641 29928
155913 82509
67450 43554
23665 18824
161676 44744
114461 55048
27305 16866
51840 18699
64072 28124
169590 54552
153850 77254
149696 101504
4581 3841
129444 75191
66629 66219
54681 40406
199501 163536
103700 45400
95790 5918
24096 9939
136976 28748
150055 147708
140231 92493
114983 85445
57568 26869
153198 3236
164576 47853
96958 62389
90084 85093
61692 22751
184034 45971
157149 128902
191627 138326
74590 27108
172480 120863
107024 66590
101444 33161
119581 7911
34833 8393
22097 13303
181093 50691
185092 74415
167096 10610
1993 1828
166426 164150
96420 68266
134889 40961
25618 14175
184795 182688
28028 26993
48492 11242
199755 36712
30398 4956
156923 145343
184792 146229
104318 16427
199844 81184
183218 41002
185552 52170
74539 64586
88252 30947
132644 27827
31860 24968
78480 53834
106146 80457
192584 91685
173212 90640
181056 74728
57119 41267
183224 147420
32425 4750
142422 72414
161863 46021
159595 125336
120757 43523
91298 23844
117231 13089
10885 5460
77712 56071
122604 36167
178114 85824
160399 146761
127730 64202
