100
97 99
33 58
71 81
84 86
57 59
15 22
92 98
22 100
88 89
13 46
50 66
94 97
66 99
66 90
53 71
48 81
11 94
98 99
3 7
25 33
92 95
38 61
48 67
86 90
11 93
11 70
41 45
5 27
87 91
94 100
86 92
41 73
72 89
99 100
62 86
67 95
76 82
43 70
89 97
3 37
23 68
74 85
76 77
19 78
92 97
7 28
71 88
9 95
34 44
13 36
40 80
46 68
49 63
14 85
9 11
92 98
91 97
31 73
4 44
91 100
78 90
43 97
56 63
63 74
22 35
96 99
98 99
72 85
56 67
21 29
23 72
17 97
97 99
66 82
13 23
55 92
98 99
93 100
35 41
89 98
81 87
36 40
54 78
90 92
29 65
35 54
30 32
97 100
65 84
64 79
69 94
30 98
70 82
87 99
92 94
19 38
45 85
48 58
42 73
95 99
